{
  "datasets": [
    "bad-medical",
    "extreme-sports",
    "risky-financial"
  ],
  "layers": [
    11,
    15,
    19,
    23,
    27
  ],
  "cosine_matrices": {
    "11": [
      [
        1.0000003576278687,
        0.6966172456741333,
        0.6600083112716675
      ],
      [
        0.6966172456741333,
        1.000000238418579,
        0.8383982181549072
      ],
      [
        0.6600083112716675,
        0.8383982181549072,
        0.9999998807907104
      ]
    ],
    "15": [
      [
        1.0,
        0.6623016595840454,
        0.6022163033485413
      ],
      [
        0.6623016595840454,
        0.9999998807907104,
        0.7646808624267578
      ],
      [
        0.6022163033485413,
        0.7646808624267578,
        1.0
      ]
    ],
    "19": [
      [
        1.0000001192092896,
        0.6357683539390564,
        0.6062237024307251
      ],
      [
        0.6357683539390564,
        0.9999998211860657,
        0.7386945486068726
      ],
      [
        0.6062237024307251,
        0.7386945486068726,
        1.0
      ]
    ],
    "23": [
      [
        0.9999998807907104,
        0.6183215379714966,
        0.5733360052108765
      ],
      [
        0.6183215379714966,
        1.000000238418579,
        0.6910257339477539
      ],
      [
        0.5733360052108765,
        0.6910257339477539,
        1.0
      ]
    ],
    "27": [
      [
        0.9999999403953552,
        0.5926428437232971,
        0.5492595434188843
      ],
      [
        0.5926428437232971,
        1.0,
        0.6769427061080933
      ],
      [
        0.5492595434188843,
        0.6769427061080933,
        1.0000001192092896
      ]
    ]
  },
  "pairwise_by_layer": {
    "bad-medical|extreme-sports": {
      "11": 0.6966172456741333,
      "15": 0.6623016595840454,
      "19": 0.6357683539390564,
      "23": 0.6183215379714966,
      "27": 0.5926428437232971
    },
    "bad-medical|risky-financial": {
      "11": 0.6600083112716675,
      "15": 0.6022163033485413,
      "19": 0.6062237024307251,
      "23": 0.5733360052108765,
      "27": 0.5492595434188843
    },
    "extreme-sports|risky-financial": {
      "11": 0.8383982181549072,
      "15": 0.7646808624267578,
      "19": 0.7386945486068726,
      "23": 0.6910257339477539,
      "27": 0.6769427061080933
    }
  },
  "mean_offdiagonal_by_layer": {
    "11": 0.731674591700236,
    "15": 0.6763996084531149,
    "19": 0.6602288683255514,
    "23": 0.627561092376709,
    "27": 0.6062816977500916
  },
  "note": "Each vector is a unit diff-in-means (mean(finetune)-mean(instruct)) at the last prompt token; cosine == dot product."
}